Seed: = 1180312427
#
# Sample parameter file.
# Don't change the order of the lines in this file.
#
BEGIN
chromosome_length   200
seed   0.254534
population_size   18358
probability_crossover   1
tournament_size   16
learn_MPM   on
stop_criteria   found_optima
stop_criteria_argument   0
report_pop   off
report_string   off
report_fitness   off
report_MPM   on
--------------------------------------------------------------------
generation      : 0
best fitness    : 98
avg fitness     : 67.5214
best chromosome : 
------------------------------------------------------------
MPM: [ 0 1 2 3 4 - 140 141 142 143 144 - 125 126 127 128 129 - 115 116 117 118 119 - 75 76 77 78 79 - 5 6 7 8 9 - 130 132 133 134 - 135 136 137 138 139 - 50 51 52 53 54 72 - 95 96 97 98 99 - 10 12 14 73 - 11 - 190 191 192 193 194 - 13 - 180 181 182 183 184 - 15 16 17 18 19 - 145 147 148 - 55 56 57 58 59 - 45 46 47 48 49 - 131 146 149 154 - 20 21 22 23 24 - 195 196 197 198 199 - 60 61 62 64 - 165 166 167 168 169 - 80 81 82 83 - 25 26 27 28 29 - 90 91 92 93 94 - 170 171 172 173 174 - 100 101 102 103 104 - 155 156 157 158 159 - 30 31 32 33 34 - 160 161 162 163 164 - 185 186 187 188 189 - 70 71 74 - 65 66 67 69 84 - 35 36 37 38 39 - 105 106 107 108 109 - 150 151 152 153 - 175 176 177 178 179 - 120 121 122 123 124 - 40 41 42 43 44 - 85 86 87 88 89 - 110 111 112 113 114 - 63 68  ], CC(MPM) = 3.64241e+06

generation      : 1
best fitness    : 112
avg fitness     : 79.8466
best chromosome : 
------------------------------------------------------------
MPM: [ 0 1 2 3 4 - 140 141 142 143 144 - 115 116 117 118 119 - 125 126 127 128 129 - 90 91 92 93 94 - 5 6 7 8 9 - 195 196 197 198 199 - 150 151 152 153 154 - 175 176 177 178 179 - 145 146 147 148 149 - 10 12 13 14 73 - 11 - 155 156 157 158 159 - 60 61 62 63 64 - 50 51 52 53 54 - 15 16 17 18 19 - 110 111 112 113 114 - 185 186 187 188 189 - 160 161 162 163 164 - 180 181 182 183 184 - 20 21 22 23 24 - 100 101 102 103 104 - 135 136 137 138 139 - 190 191 192 193 194 - 95 96 97 98 99 - 25 26 27 28 29 - 65 66 67 68 69 84 - 70 71 72 74 - 55 56 57 58 59 - 75 76 77 78 79 - 30 31 32 33 34 - 130 131 132 133 134 - 80 81 82 83 - 105 106 107 108 109 - 120 121 122 123 124 - 35 36 37 38 39 - 165 166 167 168 169 - 170 171 172 173 174 - 85 86 87 88 89 - 45 46 47 48 49 - 40 41 42 43 44  ], CC(MPM) = 3.51929e+06

generation      : 2
best fitness    : 128
avg fitness     : 93.8871
best chromosome : 
------------------------------------------------------------
MPM: [ 0 1 2 3 4 - 130 131 132 133 134 - 195 196 197 198 199 - 135 136 137 138 139 - 160 161 162 163 164 - 5 6 7 8 9 - 145 146 147 148 149 - 70 71 72 73 74 - 150 151 152 153 154 - 60 61 62 63 64 - 10 11 12 13 14 - 95 96 97 98 99 - 115 116 117 118 119 - 40 41 42 43 44 - 155 156 157 158 159 - 15 16 17 18 19 - 80 81 82 83 - 165 166 167 168 169 - 120 121 122 123 124 - 45 46 47 48 49 - 20 21 22 23 24 - 110 111 112 113 114 - 100 101 102 103 104 - 140 141 142 143 144 - 180 181 182 183 184 - 25 26 27 28 29 - 65 66 67 68 69 84 - 190 191 192 193 194 - 85 86 87 88 89 - 185 186 187 188 189 - 30 31 32 33 34 - 75 76 77 78 79 - 50 51 52 53 54 - 55 56 57 58 59 - 170 171 172 173 174 - 35 36 37 38 39 - 175 176 177 178 179 - 90 91 92 93 94 - 125 126 127 128 129 - 105 106 107 108 109  ], CC(MPM) = 3.30951e+06

generation      : 3
best fitness    : 143
avg fitness     : 108.856
best chromosome : 
------------------------------------------------------------
MPM: [ 0 1 2 3 4 - 115 116 117 118 119 - 110 111 112 113 114 - 100 101 102 103 104 - 130 131 132 133 134 - 5 6 7 8 9 - 150 151 152 153 154 - 185 186 187 188 189 - 190 191 192 193 194 - 155 156 157 158 159 - 10 11 12 13 14 - 40 41 42 43 44 - 165 166 167 168 169 - 160 161 162 163 164 - 170 171 172 173 174 - 15 16 17 18 19 - 145 146 147 148 149 - 95 96 97 98 99 - 195 196 197 198 199 - 80 81 82 83 - 20 21 22 23 24 - 125 126 127 128 129 - 180 181 182 183 184 - 140 141 142 143 144 - 105 106 107 108 109 - 25 26 27 28 29 - 65 66 67 68 69 84 - 70 71 72 73 74 - 90 91 92 93 94 - 55 56 57 58 59 - 30 31 32 33 34 - 120 121 122 123 124 - 60 61 62 63 64 - 85 86 87 88 89 - 45 46 47 48 49 - 35 36 37 38 39 - 75 76 77 78 79 - 135 136 137 138 139 - 50 51 52 53 54 - 175 176 177 178 179  ], CC(MPM) = 3.02032e+06

generation      : 4
best fitness    : 159
avg fitness     : 124.041
best chromosome : 
------------------------------------------------------------
MPM: [ 0 1 2 3 4 - 100 101 102 103 104 - 140 141 142 143 144 - 85 86 87 88 89 - 195 196 197 198 199 - 5 6 7 8 9 - 180 181 182 183 184 - 185 186 187 188 189 - 150 151 152 153 154 - 80 81 82 83 - 10 11 12 13 14 - 155 156 157 158 159 - 115 116 117 118 119 - 45 46 47 48 49 - 145 146 147 148 149 - 15 16 17 18 19 - 120 121 122 123 124 - 165 166 167 168 169 - 170 171 172 173 174 - 70 71 72 73 74 - 20 21 22 23 24 - 125 126 127 128 129 - 95 96 97 98 99 - 130 131 132 133 134 - 50 51 52 53 54 - 25 26 27 28 29 - 160 161 162 163 164 - 110 111 112 113 114 - 75 76 77 78 79 - 90 91 92 93 94 - 30 31 32 33 34 - 60 61 62 63 64 - 55 56 57 58 59 - 65 66 67 68 69 84 - 135 136 137 138 139 - 35 36 37 38 39 - 175 176 177 178 179 - 190 191 192 193 194 - 105 106 107 108 109 - 40 41 42 43 44  ], CC(MPM) = 2.65723e+06

generation      : 5
best fitness    : 168
avg fitness     : 139.09
best chromosome : 
------------------------------------------------------------
MPM: [ 0 1 2 3 4 - 145 146 147 148 149 - 105 106 107 108 109 - 185 186 187 188 189 - 65 66 67 68 69 84 - 5 6 7 8 9 - 175 176 177 178 179 - 160 161 162 163 164 - 120 121 122 123 124 - 150 151 152 153 154 - 10 11 12 13 14 - 90 91 92 93 94 - 80 81 82 83 - 45 46 47 48 49 - 110 111 112 113 114 - 15 16 17 18 19 - 130 131 132 133 134 - 55 56 57 58 59 - 95 96 97 98 99 - 135 136 137 138 139 - 20 21 22 23 24 - 75 76 77 78 79 - 40 41 42 43 44 - 115 116 117 118 119 - 70 71 72 73 74 - 25 26 27 28 29 - 140 141 142 143 144 - 100 101 102 103 104 - 155 156 157 158 159 - 60 61 62 63 64 - 30 31 32 33 34 - 170 171 172 173 174 - 50 51 52 53 54 - 195 196 197 198 199 - 165 166 167 168 169 - 35 36 37 38 39 - 180 181 182 183 184 - 85 86 87 88 89 - 125 126 127 128 129 - 190 191 192 193 194  ], CC(MPM) = 2.23399e+06

generation      : 6
best fitness    : 180
avg fitness     : 153.52
best chromosome : 
------------------------------------------------------------
MPM: [ 0 1 2 3 4 - 130 131 132 133 134 - 90 91 92 93 94 - 190 191 192 193 194 - 100 101 102 103 104 - 5 6 7 8 9 - 180 181 182 183 184 - 65 66 67 68 69 84 - 135 136 137 138 139 - 125 126 127 128 129 - 10 11 12 13 14 - 110 111 112 113 114 - 80 81 82 83 - 45 46 47 48 49 - 95 96 97 98 99 - 15 16 17 18 19 - 70 71 72 73 74 - 50 51 52 53 54 - 60 61 62 63 64 - 40 41 42 43 44 - 20 21 22 23 24 - 175 176 177 178 179 - 120 121 122 123 124 - 75 76 77 78 79 - 140 141 142 143 144 - 25 26 27 28 29 - 150 151 152 153 154 - 195 196 197 198 199 - 145 146 147 148 149 - 165 166 167 168 169 - 30 31 32 33 34 - 160 161 162 163 164 - 185 186 187 188 189 - 105 106 107 108 109 - 85 86 87 88 89 - 35 36 37 38 39 - 55 56 57 58 59 - 170 171 172 173 174 - 115 116 117 118 119 - 155 156 157 158 159  ], CC(MPM) = 1.77444e+06

generation      : 7
best fitness    : 188
avg fitness     : 166.65
best chromosome : 
------------------------------------------------------------
MPM: [ 0 1 2 3 4 - 65 66 67 68 69 84 - 105 106 107 108 109 - 85 86 87 88 89 - 100 101 102 103 104 - 5 6 7 8 9 - 160 161 162 163 164 - 165 166 167 168 169 - 170 171 172 173 174 - 185 186 187 188 189 - 10 11 12 13 14 - 75 76 77 78 79 - 80 81 82 83 - 45 46 47 48 49 - 125 126 127 128 129 - 15 16 17 18 19 - 145 146 147 148 149 - 140 141 142 143 144 - 195 196 197 198 199 - 150 151 152 153 154 - 20 21 22 23 24 - 115 116 117 118 119 - 190 191 192 193 194 - 70 71 72 73 74 - 40 41 42 43 44 - 25 26 27 28 29 - 95 96 97 98 99 - 180 181 182 183 184 - 155 156 157 158 159 - 60 61 62 63 64 - 30 31 32 33 34 - 130 131 132 133 134 - 135 136 137 138 139 - 175 176 177 178 179 - 120 121 122 123 124 - 35 36 37 38 39 - 55 56 57 58 59 - 110 111 112 113 114 - 50 51 52 53 54 - 90 91 92 93 94  ], CC(MPM) = 1.31449e+06

generation      : 8
best fitness    : 197
avg fitness     : 177.888
best chromosome : 
------------------------------------------------------------
MPM: [ 0 1 2 3 4 - 80 81 82 83 84 - 50 51 52 53 54 - 75 76 77 78 79 - 185 186 187 188 189 - 5 6 7 8 9 - 105 106 107 108 109 - 145 146 147 148 149 - 175 176 177 178 179 - 95 96 97 98 99 - 10 11 12 13 14 - 180 181 182 183 184 - 100 101 102 103 104 - 70 71 72 73 74 - 170 171 172 173 174 - 15 16 17 18 19 - 85 86 87 88 89 - 155 156 157 158 159 - 40 41 42 43 44 - 90 91 92 93 94 - 20 21 22 23 24 - 120 121 122 123 124 - 190 191 192 193 194 - 125 126 127 128 129 - 60 61 62 63 64 - 25 26 27 28 29 - 115 116 117 118 119 - 130 131 132 133 134 - 135 136 137 138 139 - 65 66 67 68 69 - 30 31 32 33 34 - 160 161 162 163 164 - 45 46 47 48 49 - 140 141 142 143 144 - 150 151 152 153 154 - 35 36 37 38 39 - 110 111 112 113 114 - 165 166 167 168 169 - 195 196 197 198 199 - 55 56 57 58 59  ], CC(MPM) = 880955

generation      : 9
best fitness    : 198
avg fitness     : 186.892
best chromosome : 
------------------------------------------------------------
MPM: [ 0 1 2 3 4 - 80 81 82 83 84 - 95 96 97 98 99 - 160 161 162 163 164 - 45 46 47 48 49 - 5 6 7 8 9 - 175 176 177 178 179 - 75 76 77 78 79 - 55 56 57 58 59 - 65 66 67 68 69 - 10 11 12 13 14 - 190 191 192 193 194 - 170 171 172 173 174 - 155 156 157 158 159 - 195 196 197 198 199 - 15 16 17 18 19 - 135 136 137 138 139 - 165 166 167 168 169 - 50 51 52 53 54 - 130 131 132 133 134 - 20 21 22 23 24 - 40 41 42 43 44 - 150 151 152 153 154 - 180 181 182 183 184 - 85 86 87 88 89 - 25 26 27 28 29 - 105 106 107 108 109 - 125 126 127 128 129 - 115 116 117 118 119 - 110 111 112 113 114 - 30 31 32 33 34 - 140 141 142 143 144 - 100 101 102 103 104 - 145 146 147 148 149 - 120 121 122 123 124 - 35 36 37 38 39 - 90 91 92 93 94 - 60 61 62 63 64 - 70 71 72 73 74 - 185 186 187 188 189  ], CC(MPM) = 494958

generation      : 10
best fitness    : 200
avg fitness     : 193.51
best chromosome : 
------------------------------------------------------------
ECGA done
