Seed: = 782934891
#
# Sample parameter file.
# Don't change the order of the lines in this file.
#
BEGIN
chromosome_length   200
seed   0.254534
population_size   18358
probability_crossover   1
tournament_size   16
learn_MPM   on
stop_criteria   found_optima
stop_criteria_argument   0
report_pop   off
report_string   off
report_fitness   off
report_MPM   on
--------------------------------------------------------------------
generation      : 0
best fitness    : 101
avg fitness     : 67.5955
best chromosome : 
------------------------------------------------------------
MPM: [ 0 1 3 - 160 161 162 163 164 - 2 143 - 150 151 152 153 154 - 4 100 101 102 103 - 5 6 7 8 9 104 - 110 111 112 113 114 - 50 51 52 53 54 - 145 146 148 149 - 180 182 183 184 - 10 11 12 13 14 - 185 186 188 - 89 181 187 - 172 189 - 125 126 127 128 129 - 15 16 17 18 19 - 70 71 72 73 74 - 28 91 119 147 - 60 61 62 63 64 - 170 171 173 174 - 20 21 22 23 24 - 85 86 87 88 - 90 92 93 94 - 140 141 142 144 - 55 56 57 58 59 - 25 26 27 29 - 95 96 97 98 99 - 120 121 122 123 124 - 190 191 192 193 194 - 75 76 77 78 79 - 30 31 32 33 34 - 165 166 167 168 169 - 175 176 177 178 179 - 135 136 137 138 139 - 45 46 47 48 49 - 35 36 37 38 39 - 80 81 82 83 84 - 130 131 132 133 134 - 115 116 117 118 - 105 106 107 108 109 - 40 41 42 43 44 - 155 156 157 158 159 - 195 196 197 198 199 - 65 66 67 68 69  ], CC(MPM) = 3.64201e+06

generation      : 1
best fitness    : 112
avg fitness     : 79.7256
best chromosome : 
------------------------------------------------------------
MPM: [ 0 1 2 3 4 - 45 46 47 48 49 - 185 186 188 189 - 130 131 132 133 134 - 70 71 72 73 74 - 5 6 7 8 9 - 100 101 102 103 104 - 115 116 117 118 119 - 85 86 87 88 89 - 55 56 57 58 59 - 10 11 12 13 14 - 180 181 182 183 184 - 40 41 42 43 44 - 150 151 152 153 154 187 - 120 121 122 123 124 - 15 16 17 18 19 - 90 91 92 93 94 - 95 96 97 98 99 - 135 136 137 138 139 - 65 66 67 68 69 - 20 21 22 23 24 - 80 81 82 83 84 - 145 146 147 148 149 - 155 156 157 158 159 - 50 51 52 53 54 - 25 26 27 28 29 - 165 166 167 168 169 - 110 111 112 113 114 - 125 126 127 128 129 - 140 141 142 143 144 - 30 31 32 33 34 - 190 191 192 193 194 - 175 176 177 178 179 - 105 106 107 108 109 - 195 196 197 198 199 - 35 36 37 38 39 - 170 171 172 173 174 - 75 76 77 78 79 - 60 61 62 63 64 - 160 161 162 163 164  ], CC(MPM) = 3.52251e+06

generation      : 2
best fitness    : 127
avg fitness     : 93.7705
best chromosome : 
------------------------------------------------------------
MPM: [ 0 1 2 3 4 - 45 46 47 48 49 - 95 96 97 98 99 - 90 91 92 93 94 - 145 146 147 148 149 - 5 6 7 8 9 - 155 156 157 158 159 - 120 121 122 123 124 - 100 101 102 103 104 - 65 66 67 68 69 - 10 11 12 13 14 - 170 171 172 173 174 - 185 186 188 189 - 190 191 192 193 194 - 195 196 197 198 199 - 15 16 17 18 19 - 85 86 87 88 89 - 140 141 142 143 144 - 165 166 167 168 169 - 70 71 72 73 74 - 20 21 22 23 24 - 115 116 117 118 119 - 135 136 137 138 139 - 60 61 62 63 64 - 105 106 107 108 109 - 25 26 27 28 29 - 80 81 82 83 84 - 150 151 152 153 154 187 - 50 51 52 53 54 - 75 76 77 78 79 - 30 31 32 33 34 - 180 181 182 183 184 - 40 41 42 43 44 - 55 56 57 58 59 - 125 126 127 128 129 - 35 36 37 38 39 - 110 111 112 113 114 - 130 131 132 133 134 - 160 161 162 163 164 - 175 176 177 178 179  ], CC(MPM) = 3.31574e+06

generation      : 3
best fitness    : 143
avg fitness     : 108.491
best chromosome : 
------------------------------------------------------------
MPM: [ 0 1 2 3 4 - 120 121 122 123 124 - 185 186 187 188 189 - 145 146 147 148 149 - 45 46 47 48 49 - 5 6 7 8 9 - 140 141 142 143 144 - 130 131 132 133 134 - 60 61 62 63 64 - 50 51 52 53 54 - 10 11 12 13 14 - 160 161 162 163 164 - 175 176 177 178 179 - 170 171 172 173 174 - 55 56 57 58 59 - 15 16 17 18 19 - 80 81 82 83 84 - 125 126 127 128 129 - 165 166 167 168 169 - 115 116 117 118 119 - 20 21 22 23 24 - 100 101 102 103 104 - 75 76 77 78 79 - 110 111 112 113 114 - 85 86 87 88 89 - 25 26 27 28 29 - 65 66 67 68 69 - 190 191 192 193 194 - 95 96 97 98 99 - 180 181 182 183 184 - 30 31 32 33 34 - 195 196 197 198 199 - 135 136 137 138 139 - 90 91 92 93 94 - 40 41 42 43 44 - 35 36 37 38 39 - 70 71 72 73 74 - 150 151 152 153 154 - 155 156 157 158 159 - 105 106 107 108 109  ], CC(MPM) = 3.03329e+06

generation      : 4
best fitness    : 159
avg fitness     : 123.557
best chromosome : 
------------------------------------------------------------
MPM: [ 0 1 2 3 4 - 100 101 102 103 104 - 185 186 187 188 189 - 95 96 97 98 99 - 45 46 47 48 49 - 5 6 7 8 9 - 150 151 152 153 154 - 135 136 137 138 139 - 155 156 157 158 159 - 120 121 122 123 124 - 10 11 12 13 14 - 175 176 177 178 179 - 130 131 132 133 134 - 160 161 162 163 164 - 125 126 127 128 129 - 15 16 17 18 19 - 85 86 87 88 89 - 90 91 92 93 94 - 65 66 67 68 69 - 115 116 117 118 119 - 20 21 22 23 24 - 80 81 82 83 84 - 165 166 167 168 169 - 190 191 192 193 194 - 145 146 147 148 149 - 25 26 27 28 29 - 105 106 107 108 109 - 70 71 72 73 74 - 170 171 172 173 174 - 75 76 77 78 79 - 30 31 32 33 34 - 195 196 197 198 199 - 40 41 42 43 44 - 60 61 62 63 64 - 50 51 52 53 54 - 35 36 37 38 39 - 110 111 112 113 114 - 140 141 142 143 144 - 55 56 57 58 59 - 180 181 182 183 184  ], CC(MPM) = 2.67499e+06

generation      : 5
best fitness    : 168
avg fitness     : 138.735
best chromosome : 
------------------------------------------------------------
MPM: [ 0 1 2 3 4 - 50 51 52 53 54 - 165 166 167 168 169 - 185 186 187 188 189 - 70 71 72 73 74 - 5 6 7 8 9 - 125 126 127 128 129 - 130 131 132 133 134 - 180 181 182 183 184 - 150 151 152 153 154 - 10 11 12 13 14 - 155 156 157 158 159 - 190 191 192 193 194 - 60 61 62 63 64 - 115 116 117 118 119 - 15 16 17 18 19 - 100 101 102 103 104 - 105 106 107 108 109 - 120 121 122 123 124 - 170 171 172 173 174 - 20 21 22 23 24 - 90 91 92 93 94 - 95 96 97 98 99 - 140 141 142 143 144 - 110 111 112 113 114 - 25 26 27 28 29 - 175 176 177 178 179 - 65 66 67 68 69 - 75 76 77 78 79 - 85 86 87 88 89 - 30 31 32 33 34 - 135 136 137 138 139 - 55 56 57 58 59 - 160 161 162 163 164 - 195 196 197 198 199 - 35 36 37 38 39 - 45 46 47 48 49 - 145 146 147 148 149 - 40 41 42 43 44 - 80 81 82 83 84  ], CC(MPM) = 2.25541e+06

generation      : 6
best fitness    : 182
avg fitness     : 153.311
best chromosome : 
------------------------------------------------------------
MPM: [ 0 1 2 3 4 - 65 66 67 68 69 - 60 61 62 63 64 - 185 186 187 188 189 - 45 46 47 48 49 - 5 6 7 8 9 - 50 51 52 53 54 - 85 86 87 88 89 - 95 96 97 98 99 - 90 91 92 93 94 - 10 11 12 13 14 - 190 191 192 193 194 - 195 196 197 198 199 - 75 76 77 78 79 - 40 41 42 43 44 - 15 16 17 18 19 - 160 161 162 163 164 - 140 141 142 143 144 - 55 56 57 58 59 - 120 121 122 123 124 - 20 21 22 23 24 - 155 156 157 158 159 - 130 131 132 133 134 - 110 111 112 113 114 - 115 116 117 118 119 - 25 26 27 28 29 - 150 151 152 153 154 - 125 126 127 128 129 - 100 101 102 103 104 - 105 106 107 108 109 - 30 31 32 33 34 - 165 166 167 168 169 - 80 81 82 83 84 - 170 171 172 173 174 - 145 146 147 148 149 - 35 36 37 38 39 - 180 181 182 183 184 - 175 176 177 178 179 - 70 71 72 73 74 - 135 136 137 138 139  ], CC(MPM) = 1.80027e+06

generation      : 7
best fitness    : 191
avg fitness     : 166.597
best chromosome : 
------------------------------------------------------------
MPM: [ 0 1 2 3 4 - 100 101 102 103 104 - 110 111 112 113 114 - 175 176 177 178 179 - 105 106 107 108 109 - 5 6 7 8 9 - 80 81 82 83 84 - 185 186 187 188 189 - 190 191 192 193 194 - 75 76 77 78 79 - 10 11 12 13 14 - 165 166 167 168 169 - 160 161 162 163 164 - 70 71 72 73 74 - 65 66 67 68 69 - 15 16 17 18 19 - 60 61 62 63 64 - 135 136 137 138 139 - 40 41 42 43 44 - 180 181 182 183 184 - 20 21 22 23 24 - 170 171 172 173 174 - 120 121 122 123 124 - 95 96 97 98 99 - 45 46 47 48 49 - 25 26 27 28 29 - 155 156 157 158 159 - 130 131 132 133 134 - 125 126 127 128 129 - 90 91 92 93 94 - 30 31 32 33 34 - 85 86 87 88 89 - 145 146 147 148 149 - 140 141 142 143 144 - 150 151 152 153 154 - 35 36 37 38 39 - 115 116 117 118 119 - 195 196 197 198 199 - 55 56 57 58 59 - 50 51 52 53 54  ], CC(MPM) = 1.33632e+06

generation      : 8
best fitness    : 196
avg fitness     : 178.122
best chromosome : 
------------------------------------------------------------
MPM: [ 0 1 2 3 4 - 195 196 197 198 199 - 120 121 122 123 124 - 95 96 97 98 99 - 190 191 192 193 194 - 5 6 7 8 9 - 155 156 157 158 159 - 70 71 72 73 74 - 45 46 47 48 49 - 135 136 137 138 139 - 10 11 12 13 14 - 150 151 152 153 154 - 60 61 62 63 64 - 85 86 87 88 89 - 110 111 112 113 114 - 15 16 17 18 19 - 160 161 162 163 164 - 140 141 142 143 144 - 90 91 92 93 94 - 180 181 182 183 184 - 20 21 22 23 24 - 175 176 177 178 179 - 185 186 187 188 189 - 50 51 52 53 54 - 170 171 172 173 174 - 25 26 27 28 29 - 130 131 132 133 134 - 105 106 107 108 109 - 65 66 67 68 69 - 115 116 117 118 119 - 30 31 32 33 34 - 145 146 147 148 149 - 75 76 77 78 79 - 165 166 167 168 169 - 55 56 57 58 59 - 35 36 37 38 39 - 80 81 82 83 84 - 40 41 42 43 44 - 125 126 127 128 129 - 100 101 102 103 104  ], CC(MPM) = 888502

generation      : 9
best fitness    : 199
avg fitness     : 187.488
best chromosome : 
------------------------------------------------------------
MPM: [ 0 1 2 3 4 - 195 196 197 198 199 - 190 191 192 193 194 - 70 71 72 73 74 - 85 86 87 88 89 - 5 6 7 8 9 - 180 181 182 183 184 - 60 61 62 63 64 - 80 81 82 83 84 - 90 91 92 93 94 - 10 11 12 13 14 - 155 156 157 158 159 - 165 166 167 168 169 - 110 111 112 113 114 - 115 116 117 118 119 - 15 16 17 18 19 - 150 151 152 153 154 - 160 161 162 163 164 - 75 76 77 78 79 - 175 176 177 178 179 - 20 21 22 23 24 - 40 41 42 43 44 - 145 146 147 148 149 - 120 121 122 123 124 - 170 171 172 173 174 - 25 26 27 28 29 - 125 126 127 128 129 - 130 131 132 133 134 - 95 96 97 98 99 - 105 106 107 108 109 - 30 31 32 33 34 - 65 66 67 68 69 - 50 51 52 53 54 - 100 101 102 103 104 - 140 141 142 143 144 - 35 36 37 38 39 - 55 56 57 58 59 - 45 46 47 48 49 - 135 136 137 138 139 - 185 186 187 188 189  ], CC(MPM) = 500963

generation      : 10
best fitness    : 200
avg fitness     : 194.227
best chromosome : 
------------------------------------------------------------
ECGA done
