Seed: = 1044953961
#
# Sample parameter file.
# Don't change the order of the lines in this file.
#
BEGIN
chromosome_length   200
seed   0.254534
population_size   18358
probability_crossover   1
tournament_size   16
learn_MPM   on
stop_criteria   found_optima
stop_criteria_argument   0
report_pop   off
report_string   off
report_fitness   off
report_MPM   on
--------------------------------------------------------------------
generation      : 0
best fitness    : 99
avg fitness     : 67.5463
best chromosome : 
------------------------------------------------------------
MPM: [ 0 1 2 3 4 - 125 126 127 128 129 - 95 96 97 98 99 - 75 76 77 78 79 - 100 101 102 103 104 - 5 6 7 8 9 - 90 91 92 93 94 - 195 196 197 198 199 - 55 56 57 58 59 - 160 161 162 163 164 - 10 11 12 13 14 - 65 66 67 68 69 - 135 136 137 138 139 - 50 51 52 53 54 - 105 106 107 108 109 - 15 16 17 18 19 - 110 111 112 113 114 - 175 176 177 178 179 - 185 186 187 188 189 - 190 191 192 193 194 - 20 21 22 23 24 - 37 171 172 173 174 - 130 131 132 133 134 - 60 61 62 63 64 - 115 116 117 118 119 - 25 26 27 28 29 - 85 86 87 88 89 - 150 151 152 153 154 - 80 81 83 84 - 70 71 72 73 74 - 30 31 32 33 34 - 145 146 147 148 149 - 45 46 47 48 49 - 120 121 122 123 124 - 140 141 142 143 144 - 35 36 38 39 82 - 165 166 167 168 169 - 180 181 182 183 184 - 155 156 157 158 159 - 170 - 40 41 42 43 44  ], CC(MPM) = 3.64056e+06

generation      : 1
best fitness    : 113
avg fitness     : 80.7763
best chromosome : 
------------------------------------------------------------
MPM: [ 0 1 2 3 4 - 95 96 97 98 99 - 55 56 57 58 59 - 110 111 112 113 114 - 140 141 142 143 144 - 5 6 7 8 9 - 190 191 192 193 194 - 195 196 197 198 199 - 185 186 187 188 189 - 175 176 177 178 179 - 10 11 12 13 14 - 85 86 87 88 89 - 80 81 82 83 84 - 90 91 92 93 94 - 150 151 152 153 154 - 15 16 17 18 19 - 155 156 157 158 159 - 125 126 127 128 129 - 60 61 62 63 64 - 170 171 172 173 174 - 20 21 22 23 24 - 45 46 47 48 49 - 120 121 122 123 124 - 165 166 167 168 169 - 160 161 162 163 164 - 25 26 27 28 29 - 115 116 117 118 119 - 40 41 42 43 44 - 65 66 67 68 69 - 130 131 132 133 134 - 30 31 32 33 34 - 70 71 72 73 74 - 180 181 182 183 184 - 75 76 77 78 79 - 135 136 137 138 139 - 35 36 37 38 39 - 50 51 52 53 54 - 100 101 102 103 104 - 105 106 107 108 109 - 145 146 147 148 149  ], CC(MPM) = 3.51136e+06

generation      : 2
best fitness    : 129
avg fitness     : 95.153
best chromosome : 
------------------------------------------------------------
MPM: [ 0 1 2 3 4 - 170 171 172 173 174 - 150 151 152 153 154 - 130 131 132 133 134 - 155 156 157 158 159 - 5 6 7 8 9 - 180 181 182 183 184 - 80 81 82 83 84 - 75 76 77 78 79 - 195 196 197 198 199 - 10 11 12 13 14 - 95 96 97 98 99 - 70 71 72 73 74 - 85 86 87 88 89 - 125 126 127 128 129 - 15 16 17 18 19 - 145 146 147 148 149 - 120 121 122 123 124 - 175 176 177 178 179 - 90 91 92 93 94 - 20 21 22 23 24 - 110 111 112 113 114 - 135 136 137 138 139 - 165 166 167 168 169 - 105 106 107 108 109 - 25 26 27 28 29 - 60 61 62 63 64 - 50 51 52 53 54 - 55 56 57 58 59 - 65 66 67 68 69 - 30 31 32 33 34 - 185 186 187 188 189 - 40 41 42 43 44 - 140 141 142 143 144 - 115 116 117 118 119 - 35 36 37 38 39 - 160 161 162 163 164 - 100 101 102 103 104 - 45 46 47 48 49 - 190 191 192 193 194  ], CC(MPM) = 3.29745e+06

generation      : 3
best fitness    : 148
avg fitness     : 110.11
best chromosome : 
------------------------------------------------------------
MPM: [ 0 1 2 3 4 - 170 171 172 173 174 - 45 46 47 48 49 - 115 116 117 118 119 - 165 166 167 168 169 - 5 6 7 8 9 - 185 186 187 188 189 - 190 191 192 193 194 - 180 181 182 183 184 - 155 156 157 158 159 - 10 11 12 13 14 - 70 71 72 73 74 - 75 76 77 78 79 - 105 106 107 108 109 - 175 176 177 178 179 - 15 16 17 18 19 - 90 91 92 93 94 - 85 86 87 88 89 - 60 61 62 63 64 - 95 96 97 98 99 - 20 21 22 23 24 - 40 41 42 43 44 - 110 111 112 113 114 - 80 81 82 83 84 - 160 161 162 163 164 - 25 26 27 28 29 - 65 66 67 68 69 - 55 56 57 58 59 - 50 51 52 53 54 - 100 101 102 103 104 - 30 31 32 33 34 - 125 126 127 128 129 - 135 136 137 138 139 - 120 121 122 123 124 - 130 131 132 133 134 - 35 36 37 38 39 - 140 141 142 143 144 - 195 196 197 198 199 - 150 151 152 153 154 - 145 146 147 148 149  ], CC(MPM) = 3.00025e+06

generation      : 4
best fitness    : 157
avg fitness     : 125.577
best chromosome : 
------------------------------------------------------------
MPM: [ 0 1 2 3 4 - 190 191 192 193 194 - 160 161 162 163 164 - 185 186 187 188 189 - 165 166 167 168 169 - 5 6 7 8 9 - 170 171 172 173 174 - 145 146 147 148 149 - 120 121 122 123 124 - 175 176 177 178 179 - 10 11 12 13 14 - 80 81 82 83 84 - 85 86 87 88 89 - 70 71 72 73 74 - 155 156 157 158 159 - 15 16 17 18 19 - 75 76 77 78 79 - 95 96 97 98 99 - 130 131 132 133 134 - 60 61 62 63 64 - 20 21 22 23 24 - 140 141 142 143 144 - 125 126 127 128 129 - 45 46 47 48 49 - 100 101 102 103 104 - 25 26 27 28 29 - 90 91 92 93 94 - 55 56 57 58 59 - 110 111 112 113 114 - 65 66 67 68 69 - 30 31 32 33 34 - 105 106 107 108 109 - 50 51 52 53 54 - 40 41 42 43 44 - 135 136 137 138 139 - 35 36 37 38 39 - 195 196 197 198 199 - 115 116 117 118 119 - 150 151 152 153 154 - 180 181 182 183 184  ], CC(MPM) = 2.63088e+06

generation      : 5
best fitness    : 172
avg fitness     : 140.828
best chromosome : 
------------------------------------------------------------
MPM: [ 0 1 2 3 4 - 195 196 197 198 199 - 185 186 187 188 189 - 180 181 182 183 184 - 130 131 132 133 134 - 5 6 7 8 9 - 155 156 157 158 159 - 170 171 172 173 174 - 40 41 42 43 44 - 60 61 62 63 64 - 10 11 12 13 14 - 75 76 77 78 79 - 95 96 97 98 99 - 115 116 117 118 119 - 50 51 52 53 54 - 15 16 17 18 19 - 85 86 87 88 89 - 80 81 82 83 84 - 90 91 92 93 94 - 45 46 47 48 49 - 20 21 22 23 24 - 150 151 152 153 154 - 160 161 162 163 164 - 70 71 72 73 74 - 100 101 102 103 104 - 25 26 27 28 29 - 175 176 177 178 179 - 140 141 142 143 144 - 125 126 127 128 129 - 190 191 192 193 194 - 30 31 32 33 34 - 110 111 112 113 114 - 145 146 147 148 149 - 120 121 122 123 124 - 135 136 137 138 139 - 35 36 37 38 39 - 165 166 167 168 169 - 105 106 107 108 109 - 65 66 67 68 69 - 55 56 57 58 59  ], CC(MPM) = 2.20197e+06

generation      : 6
best fitness    : 184
avg fitness     : 155.431
best chromosome : 
------------------------------------------------------------
MPM: [ 0 1 2 3 4 - 195 196 197 198 199 - 190 191 192 193 194 - 145 146 147 148 149 - 140 141 142 143 144 - 5 6 7 8 9 - 120 121 122 123 124 - 100 101 102 103 104 - 185 186 187 188 189 - 70 71 72 73 74 - 10 11 12 13 14 - 75 76 77 78 79 - 45 46 47 48 49 - 135 136 137 138 139 - 170 171 172 173 174 - 15 16 17 18 19 - 80 81 82 83 84 - 95 96 97 98 99 - 175 176 177 178 179 - 55 56 57 58 59 - 20 21 22 23 24 - 40 41 42 43 44 - 110 111 112 113 114 - 85 86 87 88 89 - 50 51 52 53 54 - 25 26 27 28 29 - 180 181 182 183 184 - 60 61 62 63 64 - 165 166 167 168 169 - 105 106 107 108 109 - 30 31 32 33 34 - 125 126 127 128 129 - 130 131 132 133 134 - 155 156 157 158 159 - 160 161 162 163 164 - 35 36 37 38 39 - 115 116 117 118 119 - 90 91 92 93 94 - 150 151 152 153 154 - 65 66 67 68 69  ], CC(MPM) = 1.73484e+06

generation      : 7
best fitness    : 193
avg fitness     : 168.759
best chromosome : 
------------------------------------------------------------
MPM: [ 0 1 2 3 4 - 195 196 197 198 199 - 150 151 152 153 154 - 50 51 52 53 54 - 55 56 57 58 59 - 5 6 7 8 9 - 110 111 112 113 114 - 125 126 127 128 129 - 105 106 107 108 109 - 140 141 142 143 144 - 10 11 12 13 14 - 175 176 177 178 179 - 70 71 72 73 74 - 135 136 137 138 139 - 145 146 147 148 149 - 15 16 17 18 19 - 120 121 122 123 124 - 75 76 77 78 79 - 65 66 67 68 69 - 170 171 172 173 174 - 20 21 22 23 24 - 85 86 87 88 89 - 185 186 187 188 189 - 190 191 192 193 194 - 100 101 102 103 104 - 25 26 27 28 29 - 40 41 42 43 44 - 130 131 132 133 134 - 90 91 92 93 94 - 165 166 167 168 169 - 30 31 32 33 34 - 180 181 182 183 184 - 95 96 97 98 99 - 80 81 82 83 84 - 45 46 47 48 49 - 35 36 37 38 39 - 115 116 117 118 119 - 60 61 62 63 64 - 155 156 157 158 159 - 160 161 162 163 164  ], CC(MPM) = 1.25696e+06

generation      : 8
best fitness    : 197
avg fitness     : 180.258
best chromosome : 
------------------------------------------------------------
MPM: [ 0 1 2 3 4 - 100 101 102 103 104 - 40 41 42 43 44 - 70 71 72 73 74 - 55 56 57 58 59 - 5 6 7 8 9 - 120 121 122 123 124 - 115 116 117 118 119 - 185 186 187 188 189 - 135 136 137 138 139 - 10 11 12 13 14 - 105 106 107 108 109 - 80 81 82 83 84 - 90 91 92 93 94 - 110 111 112 113 114 - 15 16 17 18 19 - 170 171 172 173 174 - 150 151 152 153 154 - 165 166 167 168 169 - 160 161 162 163 164 - 20 21 22 23 24 - 190 191 192 193 194 - 195 196 197 198 199 - 85 86 87 88 89 - 60 61 62 63 64 - 25 26 27 28 29 - 140 141 142 143 144 - 65 66 67 68 69 - 145 146 147 148 149 - 95 96 97 98 99 - 30 31 32 33 34 - 180 181 182 183 184 - 175 176 177 178 179 - 130 131 132 133 134 - 125 126 127 128 129 - 35 36 37 38 39 - 75 76 77 78 79 - 155 156 157 158 159 - 50 51 52 53 54 - 45 46 47 48 49  ], CC(MPM) = 805001

generation      : 9
best fitness    : 200
avg fitness     : 189.306
best chromosome : 
------------------------------------------------------------
ECGA done
